8
Lactococcus 0.0 0.00679711179593318 0.003716980731195055 0.006139201573284299 0.0047877852342149965 0.008211189901773951 0.006051719535756228 0.011620441199753532
Escherichia 0.00679711179593318 0.0 0.005234150985027448 0.010249657384747287 0.0063576943134329355 0.004495680123666757 0.007964307604502972 0.006976832547986993
Streptococcus 0.003716980731195055 0.005234150985027448 0.0 0.007024870510539364 0.003607329098798784 0.006279416273546003 0.006272034861461598 0.009884762932441274
Cellulophaga 0.006139201573284299 0.010249657384747287 0.007024870510539364 0.0 0.007800111510959272 0.011513234621589067 0.00622773469031144 0.014367583867501409
coronavirus 0.0047877852342149965 0.0063576943134329355 0.003607329098798784 0.007800111510959272 0.0 0.00677267749624033 0.006949258519006355 0.01042949607469913
adenovirus 0.008211189901773951 0.004495680123666757 0.006279416273546003 0.011513234621589067 0.00677267749624033 0.0 0.010138838667568583 0.004771411212009974
variolavirus 0.006051719535756228 0.007964307604502972 0.006272034861461598 0.00622773469031144 0.006949258519006355 0.010138838667568583 0.0 0.012735451431850446
herpesvirus 0.011620441199753532 0.006976832547986993 0.009884762932441274 0.014367583867501409 0.01042949607469913 0.004771411212009974 0.012735451431850446 0.0
