8
Lactococcus 0.0 0.00024296906883534375 0.00018487315591681757 0.00028314976778364163 0.00021628839128039887 0.00025773576818117745 0.0002370446657345913 0.0003331997694114445
Escherichia 0.00024296906883534375 0.0 0.0002102042857753318 0.0003655170538728262 0.00022070296825269504 0.00017560534467963692 0.00025921639559822745 0.00022779412777804755
Streptococcus 0.00018487315591681757 0.0002102042857753318 0.0 0.0002996084173138807 0.0001826339447610805 0.0002143575939735166 0.0002367975757368705 0.00028827472186476234
Cellulophaga 0.00028314976778364163 0.0003655170538728262 0.0002996084173138807 0.0 0.0003074559342465081 0.000366954090199835 0.00028518843114686996 0.0004236662031045492
coronavirus 0.00021628839128039887 0.00022070296825269504 0.0001826339447610805 0.0003074559342465081 0.0 0.00021226865654259679 0.00024461551085805757 0.00029046935540927147
adenovirus 0.00025773576818117745 0.00017560534467963692 0.0002143575939735166 0.000366954090199835 0.00021226865654259679 0.0 0.00028565389183419484 0.00017837678389814236
variolavirus 0.0002370446657345913 0.00025921639559822745 0.0002367975757368705 0.00028518843114686996 0.00024461551085805757 0.00028565389183419484 0.0 0.0003410097484808021
herpesvirus 0.0003331997694114445 0.00022779412777804755 0.00028827472186476234 0.0004236662031045492 0.00029046935540927147 0.00017837678389814236 0.0003410097484808021 0.0
